2.087000e+03 6.305056e+01 3.203640e+01 1.637421e+01
8.150000e+02 3.390545e+01 4.600680e+01 3.836811e+01
6.990001e+02 4.622575e+01 2.971384e+01 4.364268e+01
6.449999e+02 4.764326e+01 3.975292e+01 1.906116e+01
5.849999e+02 5.625437e+01 4.668051e+01 6.573983e+00
3.210001e+02 2.832100e+00 2.464516e+01 4.454407e+00
2.110001e+02 3.226743e+01 2.028464e+00 4.224868e+01
2.090001e+02 4.347377e+01 3.303045e+01 4.105479e+01
1.990000e+02 7.030018e+00 3.649535e+01 2.051131e+01
1.240000e+02 2.487229e+00 2.706207e+01 5.887527e+01
1.160000e+02 4.090890e+01 4.056099e+01 3.205822e+01
1.120000e+02 1.319584e+01 4.072097e+01 1.939693e+01
1.040000e+02 3.690506e+01 4.951542e+01 4.021797e+01
1.010000e+02 3.268878e+01 2.957068e+01 4.367175e+01
8.900000e+01 3.757288e+01 3.585160e+01 4.376990e+01
8.599999e+01 2.660427e+00 3.465545e+01 1.891801e+01
7.600000e+01 5.550456e+01 3.697528e+01 1.714720e+01
7.299999e+01 5.089746e+01 4.298120e+01 7.770921e+00
6.500000e+01 3.104181e+01 4.554688e+01 4.865688e+01
6.500000e+01 3.222922e+01 5.242028e+01 4.189147e+01
6.300000e+01 2.534519e+01 4.349819e+01 2.379004e+01
6.300000e+01 2.912845e+01 4.385959e+01 2.911982e+01
6.100000e+01 1.341276e+01 3.833845e+01 6.229019e+01
6.100000e+01 4.697010e+01 3.358698e+01 5.227981e+01
5.800000e+01 7.135592e-01 2.667846e+01 1.089804e+01
5.800000e+01 3.085667e+01 4.666250e+01 6.148749e+01
5.800000e+01 4.087383e+01 5.314784e+01 5.064539e+01
5.600000e+01 5.653482e+01 4.146605e+01 5.949972e+00
4.599999e+01 2.705932e+01 5.745286e+01 4.333826e+01
4.599999e+01 5.302158e+01 5.537820e+01 3.569310e+01
4.500000e+01 1.471771e+01 4.717947e+01 6.707379e+00
4.200000e+01 2.732160e+01 4.309781e+01 2.720201e+01
4.200000e+01 4.850130e+01 3.176679e+01 3.632767e+01
4.000000e+01 3.873054e+01 5.331009e+01 4.611204e+01
3.899999e+01 8.349360e+00 2.390455e+01 3.328160e+00
3.899999e+01 5.617327e+01 3.641024e+01 1.563232e+01
3.800000e+01 1.610962e+01 4.733183e+01 6.970757e+00
3.800000e+01 1.850236e+01 4.230715e+01 2.010355e+01
3.800000e+01 3.064268e+01 5.355285e+01 6.144346e+01
3.400000e+01 6.197553e+01 4.791374e+01 6.609861e+00
3.100000e+01 3.035708e+01 4.612114e+01 5.955141e+01
2.999999e+01 3.407058e+01 6.076500e+01 3.248879e+01
2.999999e+01 5.253929e+01 2.690922e+01 5.094223e+01
2.900000e+01 6.712314e-01 2.682245e+01 6.382296e+01
2.900000e+01 7.191601e+00 4.728868e+01 7.054227e+00
2.799999e+01 4.711160e+01 4.942231e+01 6.103290e+01
2.700000e+01 1.188495e+01 3.782667e+01 1.796745e+01
2.700000e+01 2.930408e+01 4.700188e+01 2.492452e+00
2.700000e+01 4.312928e+01 3.580078e+01 4.093275e+01
2.700000e+01 4.787152e+01 3.697091e+01 3.446646e+01
2.600000e+01 8.603134e+00 3.544046e+01 2.016646e+01
2.600000e+01 1.217316e+01 4.352491e+01 3.655969e+00
2.500000e+01 5.119786e+01 4.275566e+01 9.610541e+00
2.400000e+01 3.520870e+01 3.876477e+01 2.468437e+01
2.400000e+01 4.904000e+01 2.895062e+01 4.581612e+01
2.400000e+01 5.730270e+01 2.774314e+01 5.741410e+01
2.300001e+01 4.718626e+01 3.741610e+01 3.397027e+01
2.200000e+01 8.361470e+00 2.226509e+01 9.033600e+00
2.200000e+01 2.739780e+01 4.631687e+01 9.306673e+00
2.200000e+01 4.526517e+01 5.106248e+01 6.041307e+01
2.100001e+01 3.698184e+00 2.343984e+01 5.417676e+00
2.100001e+01 4.199007e+01 3.855257e+01 3.454993e+01
2.100001e+01 4.580806e+01 4.119040e+01 1.449889e+01
2.000000e+01 2.664281e+00 3.249994e+01 2.494736e+00
2.000000e+01 3.303337e+00 2.833943e+01 6.071320e+01
2.000000e+01 2.900754e+01 4.263531e+01 2.853642e+01
2.000000e+01 4.543726e+01 1.463662e+01 4.700645e+01
2.000000e+01 5.217337e+01 4.282837e+01 1.021996e+01
2.000000e+01 5.259295e+01 5.406840e+01 3.291866e+01
1.899999e+01 4.643021e+00 2.662040e+01 4.063510e+01
1.899999e+01 2.858694e+01 6.490362e+00 4.216632e+01
1.899999e+01 3.347400e+01 3.041229e+01 4.316749e+01
1.899999e+01 4.137035e+01 3.780067e+01 3.430374e+01
1.899999e+01 4.148005e+01 3.968281e+01 3.281358e+01
1.899999e+01 4.732656e+01 4.437922e+01 1.843501e+00
1.899999e+01 5.647503e+01 5.745983e+01 3.790285e+01
1.800000e+01 2.278733e+01 3.192130e+01 2.566619e+01
1.800000e+01 3.273555e+01 3.204811e+01 4.779341e+01
1.800000e+01 3.571037e+01 3.970069e+01 4.254191e+01
1.800000e+01 4.634796e+01 3.133034e+01 2.249035e+01
1.699999e+01 1.282383e+01 2.508743e+01 2.773764e+00
1.699999e+01 2.786671e+01 2.352125e+01 4.320642e+01
1.699999e+01 2.841896e+01 4.475724e+01 5.357437e+01
1.600000e+01 7.398602e+00 2.542785e+01 4.327634e+01
1.600000e+01 2.234525e+01 3.365746e+01 2.644453e+00
1.600000e+01 2.321075e+01 4.117137e+01 2.624471e+01
1.500000e+01 1.512195e+00 3.250807e+01 1.553333e+01
1.500000e+01 2.848958e+01 1.721383e+01 4.377369e+01
1.500000e+01 4.198576e+01 1.303744e+01 4.633717e+01
1.500000e+01 4.649503e+01 4.115409e+01 1.390530e+01
1.400000e+01 1.482823e+01 4.834368e+01 7.115655e+00
1.400000e+01 2.153454e+01 3.801170e+01 2.345423e+01
1.400000e+01 3.467307e+01 1.189837e+01 4.360590e+01
1.400000e+01 4.233777e+01 3.911145e+01 3.202401e+01
1.400000e+01 4.991913e+01 3.909361e+01 3.099084e+00
1.400000e+01 6.297660e+01 3.509178e+01 1.777135e+01
1.300000e+01 1.403059e+00 2.515745e+01 1.140350e+01
1.300000e+01 6.372215e+01 3.610433e+01 2.319802e+01
1.300000e+01 2.643057e+01 4.665270e+01 4.613508e+00
1.300000e+01 2.895101e+01 4.513444e+01 5.692656e+01
1.300000e+01 4.578096e+01 3.271748e+01 5.275707e+01
1.300000e+01 4.663815e+01 3.724493e+01 3.456593e+01
1.300000e+01 6.040421e+01 3.217405e+01 1.533451e+01
1.200000e+01 1.444983e+00 2.665566e+01 6.215737e+00
1.200000e+01 2.532381e+00 2.169769e+01 1.019050e+01
1.200000e+01 3.839646e+00 2.306280e+01 3.415617e+00
1.200000e+01 1.802377e+01 4.159127e+01 2.118675e+01
1.200000e+01 3.211558e+01 4.637981e+01 3.967876e+01
1.200000e+01 4.500171e+01 3.182528e+01 4.672095e+01
1.200000e+01 4.786388e+01 3.269824e+01 5.192331e+01
1.100000e+01 2.141866e+00 3.886369e+01 1.567619e+01
1.100000e+01 1.746920e+01 4.680815e+01 4.795282e+00
1.100000e+01 3.365279e+01 4.481454e+01 3.539177e+01
1.100000e+01 4.592450e+01 3.121183e+01 2.330879e+01
1.100000e+01 4.891755e+01 4.037444e+01 1.715418e+01
1.100000e+01 5.513086e+01 5.721690e+01 5.316182e+01
1.000000e+01 2.934124e+00 3.191250e+01 2.383225e+01
1.000000e+01 1.315401e+01 2.545124e+01 2.113120e+00
1.000000e+01 1.364285e+01 4.665990e+01 6.795608e+00
1.000000e+01 2.415426e+01 2.839407e+01 3.679469e+01
1.000000e+01 2.622421e+01 5.536950e+01 5.813401e+01
1.000000e+01 2.688672e+01 3.483468e+01 6.134998e+01
1.000000e+01 3.421876e+01 1.345955e+01 4.300554e+01
1.000000e+01 5.319777e+01 4.054767e+01 1.132430e+01
1.000000e+01 5.556275e+01 3.393513e+01 1.981566e+01
1.000000e+01 5.488416e+01 5.054752e+01 3.343545e+01
1.000000e+01 5.684035e+01 5.661025e+01 5.952244e+01
1.000000e+01 6.073393e+01 2.773157e+01 6.301702e+01
