1.570000e+02 6.278829e+01 2.686884e+01 1.548376e+01
7.600000e+01 3.056638e+01 4.808726e+01 4.008933e+01
5.100000e+01 3.199968e+00 3.843243e+01 2.085414e+01
4.000000e+01 3.270687e+01 3.118100e+00 4.229198e+01
2.900000e+01 2.917531e+01 2.560003e+01 4.463727e+01
2.700000e+01 1.401154e+00 2.599378e+01 1.654487e+01
2.600000e+01 4.695066e+00 1.798964e+01 3.038220e+00
2.600000e+01 4.531037e+01 4.116789e+01 2.305434e+01
2.600000e+01 6.032247e+01 2.737911e+01 1.601276e+01
2.500000e+01 4.496693e+01 4.387116e+01 1.679096e+01
2.500000e+01 4.528891e+01 4.284446e+01 1.941825e+01
2.400000e+01 4.368126e+01 2.764625e+01 4.231678e+01
2.200000e+01 5.412428e+01 4.963086e+01 4.732013e+00
2.100001e+01 3.975185e+00 2.096133e+01 5.888574e-01
2.000000e+01 4.454351e+01 4.250117e+01 2.140496e+01
2.000000e+01 5.112822e+01 2.815677e+01 3.388397e+01
2.000000e+01 5.529481e+01 5.306201e+01 1.489395e+00
1.899999e+01 2.377992e+00 2.477378e+01 1.984180e+01
1.899999e+01 1.375950e+01 4.461684e+01 1.883042e+01
1.899999e+01 4.085750e+01 3.832021e+01 3.201888e+01
1.899999e+01 4.985201e+01 4.299714e+01 1.601430e+01
1.800000e+01 4.636070e+01 4.156124e+01 1.741962e+01
1.800000e+01 5.220493e+01 3.642838e+01 1.570874e+01
1.699999e+01 6.621925e+00 1.815626e+01 1.572228e+00
1.699999e+01 8.969523e+00 3.361049e+01 2.732887e+01
1.699999e+01 4.502401e+01 2.461758e+01 4.504773e+01
1.699999e+01 4.548093e+01 3.087267e+01 4.210495e+01
1.699999e+01 5.603571e+01 2.938420e+01 1.370049e+01
1.600000e+01 3.522176e+01 5.006318e+01 3.600494e+01
1.600000e+01 3.984461e+01 5.510143e+01 3.853786e+01
1.600000e+01 5.017591e+01 2.233377e+01 4.886057e+01
1.500000e+01 1.368544e+00 2.419626e+01 9.982517e+00
1.500000e+01 4.434466e+01 4.115396e+01 2.545035e+01
1.500000e+01 4.823214e+01 4.262800e+01 1.680065e+01
1.400000e+01 1.736308e+00 3.597922e+01 2.107310e+01
1.400000e+01 2.322662e+00 2.555770e+01 5.422700e+00
1.400000e+01 3.082573e+00 2.759589e+01 5.324936e+01
1.400000e+01 2.617570e+01 4.775720e+01 2.145529e+01
1.400000e+01 4.300330e+01 4.109050e+01 3.215637e+01
1.400000e+01 4.587849e+01 3.302124e+01 5.543560e+01
1.300000e+01 3.769308e+01 2.943330e+01 4.093435e+01
1.200000e+01 3.004208e+01 4.651063e+01 3.416549e+01
1.200000e+01 3.110135e+01 4.938321e+01 4.266902e+01
1.000000e+01 1.604202e+01 4.574201e+01 1.891018e+01
1.000000e+01 2.947245e+01 4.748928e+01 3.786656e+01
1.000000e+01 6.082441e+01 2.247671e+01 6.035716e+01
1.000000e+01 6.387474e+01 3.415924e+01 2.064268e+01
