1.164000e+03 6.315104e+01 3.000874e+01 1.577019e+01
6.340000e+02 3.267361e+01 4.696317e+01 3.858208e+01
4.779999e+02 4.718963e+01 4.077493e+01 1.855230e+01
3.640000e+02 5.645506e+01 4.936754e+01 5.603041e+00
2.910000e+02 6.069651e-01 3.333413e+01 1.925599e+01
2.799999e+02 4.567209e+01 2.926464e+01 4.288480e+01
2.600000e+02 4.768275e+01 2.571793e+01 4.615251e+01
2.190000e+02 3.590566e+00 2.249587e+01 3.379833e+00
1.250000e+02 4.153576e+01 4.061916e+01 3.195361e+01
1.080000e+02 3.245446e+01 2.416010e+00 4.231435e+01
9.400000e+01 3.880845e+01 5.209271e+01 3.996201e+01
8.599999e+01 9.329048e+00 3.690374e+01 2.356638e+01
7.800000e+01 3.115673e+01 2.806586e+01 4.392262e+01
7.600000e+01 4.656060e+01 3.349846e+01 5.352772e+01
7.000000e+01 5.109344e+00 3.447166e+01 2.248088e+01
6.900000e+01 2.403708e+00 2.687911e+01 5.663554e+01
6.700000e+01 1.434840e+01 4.953235e+01 6.424341e+00
5.900000e+01 4.034975e+01 3.146411e+01 4.150507e+01
5.600000e+01 1.378380e+01 3.829601e+01 6.123610e+01
5.300000e+01 1.321670e+01 4.221833e+01 1.933874e+01
5.000001e+01 5.413254e+01 3.721842e+01 1.706358e+01
4.800000e+01 3.105297e+01 4.760243e+01 6.169321e+01
4.800000e+01 4.984206e+01 3.018748e+01 3.505986e+01
4.700000e+01 4.996590e+01 3.826864e+01 3.497327e+01
4.500000e+01 2.922993e+01 4.523572e+01 4.972513e+01
4.300000e+01 5.541721e+01 4.693584e+01 8.894916e+00
4.100001e+01 1.438615e+00 2.500912e+01 9.025504e+00
4.000000e+01 2.552094e+01 4.529869e+01 2.293940e+01
4.000000e+01 4.381301e+01 3.790474e+01 4.270866e+01
3.800000e+01 5.009968e+01 4.339746e+01 9.116521e+00
3.600000e+01 5.727606e+01 4.152454e+01 3.581587e+00
3.500000e+01 4.172856e+01 5.400811e+01 5.185601e+01
3.300000e+01 4.976176e+01 4.339388e+01 5.990184e+00
3.200000e+01 8.020874e+00 3.742697e+01 2.099528e+01
2.999999e+01 1.889880e+01 4.369538e+01 2.057187e+01
2.799999e+01 4.395885e+01 4.166468e+01 2.144230e+01
2.600000e+01 7.640698e+00 4.922242e+01 6.588190e+00
2.600000e+01 3.586509e+01 3.482910e+01 4.411094e+01
2.600000e+01 4.414422e+01 4.347852e+01 1.230565e+01
2.600000e+01 4.511304e+01 3.387018e+01 4.055828e+01
2.500000e+01 3.076204e+01 4.568464e+01 5.948857e+01
2.500000e+01 3.733922e+01 3.575543e+01 4.659007e+01
2.500000e+01 5.353054e+01 5.667237e+01 3.536535e+01
2.400000e+01 1.396088e+01 3.709044e+01 1.625748e+01
2.300001e+01 5.259480e+01 2.611117e+01 5.240935e+01
2.200000e+01 2.255289e+00 1.799536e+01 1.035238e+01
2.100001e+01 3.941374e+01 5.450256e+01 4.641796e+01
2.100001e+01 4.336673e+01 3.979933e+01 3.536390e+01
2.100001e+01 4.484849e+01 4.093954e+01 2.286170e+01
2.000000e+01 4.291323e+01 3.389731e+01 3.935550e+01
2.000000e+01 5.766849e+01 5.852514e+01 3.842476e+01
1.899999e+01 1.658868e+00 2.523131e+01 7.237847e+00
1.899999e+01 3.331821e+00 3.312138e+01 1.384152e+00
1.899999e+01 4.906034e+00 2.537255e+01 4.082743e+01
1.899999e+01 3.050935e+01 5.532377e+01 6.200143e+01
1.800000e+01 6.279274e+00 3.373560e+01 2.245968e+01
1.800000e+01 3.516832e+01 3.953605e+01 4.375452e+01
1.800000e+01 4.474235e+01 4.173261e+01 1.997363e+01
1.699999e+01 2.629434e+01 2.928469e+01 3.539268e+01
1.699999e+01 2.896420e+01 4.339271e+01 2.937263e+01
1.699999e+01 5.641465e+01 5.755384e+01 5.215786e+01
1.600000e+01 1.764282e+01 4.829605e+01 7.331162e+00
1.600000e+01 3.448807e+01 3.686119e+01 2.385282e+01
1.600000e+01 4.476540e+01 3.005804e+01 4.190377e+01
1.600000e+01 5.442656e+01 3.603343e+01 1.244484e+01
1.600000e+01 5.716802e+01 3.013327e+01 2.075853e+01
1.500000e+01 2.255966e+00 2.374339e+01 4.040342e+00
1.500000e+01 4.321273e+00 2.938363e+01 5.994191e+01
1.500000e+01 1.470621e+01 4.296252e+01 1.981933e+01
1.500000e+01 2.750415e+01 4.538615e+01 2.843735e+01
1.500000e+01 2.756488e+01 4.484429e+01 5.442597e+01
1.500000e+01 2.896239e+01 3.564130e+00 4.140500e+01
1.500000e+01 2.932972e+01 5.524384e+01 4.285392e+01
1.500000e+01 3.407104e+01 1.239731e+01 4.351012e+01
1.500000e+01 4.756993e+01 5.115136e+01 6.114655e+01
1.400000e+01 4.599823e+01 1.324744e+01 4.775468e+01
1.400000e+01 5.786082e+01 3.355679e+01 1.581711e+01
1.300000e+01 3.748434e+00 2.405668e+01 2.249307e+00
1.300000e+01 8.843017e+00 6.209565e+00 1.051053e+01
1.300000e+01 3.145118e+01 3.779036e+00 4.384627e+01
1.300000e+01 4.619316e+01 4.494231e+01 1.093603e+00
1.300000e+01 6.313365e+01 2.540383e+01 6.228356e+01
1.200000e+01 3.902165e+00 2.907731e+01 3.520491e+01
1.200000e+01 2.493720e+01 5.854937e+01 4.336829e+01
1.200000e+01 2.551664e+01 5.702702e+01 5.824339e+01
1.200000e+01 2.659303e+01 7.344892e+00 4.172245e+01
1.200000e+01 3.078899e+01 5.437208e+01 4.231475e+01
1.200000e+01 5.249486e+01 4.353819e+01 1.139033e+01
1.200000e+01 5.316781e+01 5.590866e+01 3.196226e+01
1.100000e+01 8.529921e+00 4.334536e+01 3.733813e+00
1.100000e+01 1.052351e+01 1.977921e+01 9.800988e+00
1.100000e+01 2.280540e+01 2.971697e+01 2.546290e+01
1.100000e+01 6.230005e+01 2.736028e+01 1.436469e+01
1.000000e+01 3.560363e+00 1.807509e+01 3.198534e+00
1.000000e+01 2.728991e+00 3.252452e+01 2.138966e+01
1.000000e+01 2.383954e+00 3.448574e+01 2.047171e+01
1.000000e+01 9.368980e+00 3.932068e+01 1.949541e+01
1.000000e+01 1.066844e+01 2.276562e+01 4.017196e+00
1.000000e+01 2.924150e+01 4.341783e+01 2.791802e+01
1.000000e+01 3.406037e+01 6.239281e+01 3.069658e+01
1.000000e+01 3.671196e+01 3.204441e+01 4.266010e+01
1.000000e+01 4.446254e+01 2.835612e+01 2.230412e+01
1.000000e+01 4.556414e+01 4.064251e+01 2.344272e+01
1.000000e+01 4.583336e+01 5.188166e+01 5.990971e+01
1.000000e+01 5.258581e+01 3.074631e-01 3.756233e+01
1.000000e+01 5.679498e+01 5.590724e+01 3.724416e+01
