6.449999e+02 6.313233e+01 2.873461e+01 1.598196e+01
4.540000e+02 3.208681e+01 4.774926e+01 3.845452e+01
3.159999e+02 4.686355e+01 4.131533e+01 1.833154e+01
2.700000e+02 4.125573e+00 2.119406e+01 2.593718e+00
2.050000e+02 4.544852e+01 2.869172e+01 4.267476e+01
1.540001e+02 1.160619e+00 3.522191e+01 1.998763e+01
1.090000e+02 4.846827e+01 2.434227e+01 4.693722e+01
1.050000e+02 4.185273e+01 4.035927e+01 3.203769e+01
1.010000e+02 6.364307e+01 2.698636e+01 1.278010e+01
9.199998e+01 3.238725e+01 2.961256e+00 4.219180e+01
9.000001e+01 6.625933e+00 3.403876e+01 2.432147e+01
8.599999e+01 5.575950e+01 5.124113e+01 3.664991e+00
5.300000e+01 1.412740e+01 3.829068e+01 6.057601e+01
5.200000e+01 3.036571e+01 2.691257e+01 4.418890e+01
4.900000e+01 5.467942e+01 4.885872e+01 5.572061e+00
4.800000e+01 1.033745e+01 3.674957e+01 2.539722e+01
4.800000e+01 6.009584e+01 3.019025e+01 1.580883e+01
4.599999e+01 2.741378e+00 2.705261e+01 5.537336e+01
4.300000e+01 4.659956e+01 3.353164e+01 5.426913e+01
4.300000e+01 5.891093e+01 5.206077e+01 5.471399e+00
4.200000e+01 3.937229e+01 3.052661e+01 4.126813e+01
4.000000e+01 1.427752e+01 5.114175e+01 6.409321e+00
4.000000e+01 4.033837e+01 5.395497e+01 3.998163e+01
3.899999e+01 1.342803e+01 4.311121e+01 1.923470e+01
3.400000e+01 4.404801e+01 3.889612e+01 4.375639e+01
3.400000e+01 5.137489e+01 3.896680e+01 3.571914e+01
3.300000e+01 5.035872e+01 2.933485e+01 3.459340e+01
3.200000e+01 4.466757e+01 4.220906e+01 2.106549e+01
3.200000e+01 5.298743e+01 3.696869e+01 1.663102e+01
2.999999e+01 5.490764e-01 2.732573e+01 1.268251e+01
2.900000e+01 1.811305e+00 2.473551e+01 7.745382e+00
2.900000e+01 4.385902e+01 4.197475e+01 2.381271e+01
2.600000e+01 3.115645e+01 4.836652e+01 6.139365e+01
2.400000e+01 1.889915e+01 4.453765e+01 2.121723e+01
2.400000e+01 3.903716e+01 5.270086e+01 3.973866e+01
2.300001e+01 2.506659e+01 4.131610e+01 2.748911e+01
2.300001e+01 4.955197e+01 4.337195e+01 8.338861e+00
2.100001e+01 4.217322e+01 5.463405e+01 5.212191e+01
2.100001e+01 4.313288e+01 4.496284e+01 1.122260e+01
2.000000e+01 8.210891e-01 2.922647e+01 1.829247e+01
2.000000e+01 2.543613e+01 7.679210e+00 4.122620e+01
2.000000e+01 4.568848e+01 2.686677e+01 4.431109e+01
1.899999e+01 6.234553e+01 3.214183e+01 1.955572e+01
1.800000e+01 2.913776e+01 4.261541e+01 2.917173e+01
1.699999e+01 2.575837e+01 2.846267e+01 3.521367e+01
1.699999e+01 3.191834e+01 4.942009e+01 4.100492e+01
1.699999e+01 3.499420e+01 3.435256e+01 4.463992e+01
1.699999e+01 4.769097e+01 5.236777e+01 6.153337e+01
1.699999e+01 5.575839e+01 4.820069e+01 1.052568e+01
1.600000e+01 2.790407e+01 4.215639e+01 2.875543e+01
1.600000e+01 2.751956e+01 4.467669e+01 5.088508e+01
1.600000e+01 3.511618e+01 3.981339e+01 4.427719e+01
1.500000e+01 2.583419e+01 4.202877e+01 2.803250e+01
1.500000e+01 2.817510e+01 5.623109e+01 4.377124e+01
1.500000e+01 3.389684e+01 3.561803e+01 2.332703e+01
1.500000e+01 5.769044e+01 4.162779e+01 1.878865e+00
1.400000e+01 2.321597e+00 2.452858e+01 5.404313e+00
1.400000e+01 2.220043e+00 3.300946e+01 2.012455e+01
1.400000e+01 4.348334e+01 3.805201e+01 3.611594e+01
1.400000e+01 4.506785e+01 2.347547e+01 4.560036e+01
1.400000e+01 4.763258e+01 2.432686e+01 4.653731e+01
1.300000e+01 1.758154e+01 4.534553e+01 1.964368e+01
1.300000e+01 2.840370e+01 4.477896e+01 4.986247e+01
1.300000e+01 3.145740e+01 4.363408e+01 3.884293e+01
1.300000e+01 3.390884e+01 1.247226e+01 4.387564e+01
1.300000e+01 3.698512e+01 3.548542e+01 4.764618e+01
1.300000e+01 5.839034e+01 5.294014e+01 5.327263e+00
1.300000e+01 6.295844e+01 2.712438e+01 1.446109e+01
1.200000e+01 1.257468e+00 2.614642e+01 1.047142e+01
1.200000e+01 4.197464e+00 2.895785e+01 3.609218e+01
1.200000e+01 2.117151e+01 4.888235e+01 2.205822e+00
1.200000e+01 3.012811e+01 5.630508e+01 6.240355e+01
1.200000e+01 5.637186e+01 3.323561e+01 1.636812e+01
1.200000e+01 6.230504e+01 2.404816e+01 6.142719e+01
1.100000e+01 5.246703e+00 2.688926e+01 2.860819e+01
1.100000e+01 9.253016e+00 5.949473e+00 1.069920e+01
1.100000e+01 3.545384e+01 3.182222e+01 4.298140e+01
1.100000e+01 3.794813e+01 4.299763e+01 2.994072e+01
1.100000e+01 4.958485e+01 2.439369e+01 4.743394e+01
1.100000e+01 5.259636e+01 2.567719e+01 5.299388e+01
1.100000e+01 5.372660e+01 3.555274e+01 1.112519e+01
1.100000e+01 5.379826e+01 3.562845e+01 1.625884e+01
1.000000e+01 2.345433e+01 4.616512e+01 2.362805e+01
1.000000e+01 3.018686e+01 4.523841e+01 5.984636e+01
1.000000e+01 3.170465e+01 4.534035e+01 5.965858e+01
1.000000e+01 3.121475e+01 4.804609e+01 6.264500e+01
1.000000e+01 3.258392e+01 5.003901e+01 4.165954e+01
1.000000e+01 4.531520e+01 3.434093e+01 5.491772e+01
1.000000e+01 4.470418e+01 4.131772e+01 3.631113e+01
1.000000e+01 4.881467e+01 4.362896e+01 4.982940e+00
1.000000e+01 5.197718e+01 4.538706e+01 1.131075e+01
1.000000e+01 5.380357e+01 5.763719e+01 3.505662e+01
1.000000e+01 5.712263e+01 5.760009e+01 5.162368e+01
