3.100000e+01 3.028360e+01 4.792128e+01 4.064763e+01
2.900000e+01 6.221172e+01 2.578369e+01 1.677696e+01
2.000000e+01 6.376357e+01 2.552713e+01 1.382153e+01
1.500000e+01 5.120866e+01 2.780238e+01 3.371145e+01
1.300000e+01 3.814919e+00 3.867653e+01 2.037842e+01
1.300000e+01 3.265396e+01 3.884523e+00 4.222257e+01
1.300000e+01 4.053249e+01 3.778237e+01 3.203526e+01
1.300000e+01 4.272728e+01 2.734003e+01 4.222990e+01
1.100000e+01 4.464874e+01 4.304692e+01 2.197760e+01
1.000000e+01 2.249026e+00 2.504332e+01 1.632729e+01
1.000000e+01 4.619189e+01 3.175149e+01 4.253603e+01
