3.030000e+02 6.280521e+01 2.728667e+01 1.572417e+01
1.400000e+02 3.075611e+01 4.812513e+01 3.956763e+01
1.010000e+02 4.635250e+01 4.200038e+01 1.829928e+01
9.500002e+01 4.943479e+00 1.856297e+01 2.339062e+00
6.100000e+01 2.905926e+00 3.786980e+01 2.085708e+01
5.100000e+01 1.745681e+00 2.622240e+01 1.862555e+01
5.000001e+01 1.346285e+00 2.569344e+01 1.065497e+01
4.700000e+01 3.258888e+01 3.051223e+00 4.231680e+01
4.599999e+01 4.124753e+00 2.125924e+01 7.221895e-01
4.300000e+01 2.959666e+01 2.596373e+01 4.444870e+01
4.200000e+01 4.531942e+01 2.593918e+01 4.377365e+01
3.300000e+01 4.419417e+01 2.798044e+01 4.248276e+01
3.100000e+01 5.086194e+01 2.844560e+01 3.414343e+01
3.100000e+01 5.231348e+01 3.647852e+01 1.608879e+01
3.100000e+01 5.419988e+01 4.940191e+01 5.014590e+00
2.799999e+01 2.115193e+00 2.523864e+01 5.709888e+00
2.799999e+01 2.594609e+01 4.731109e+01 2.141525e+01
2.700000e+01 4.517606e+01 4.163495e+01 2.268579e+01
2.700000e+01 5.696949e+01 2.960851e+01 1.404108e+01
2.600000e+01 1.366657e+01 4.433528e+01 1.906211e+01
2.600000e+01 4.269270e+01 4.078395e+01 3.220382e+01
2.600000e+01 5.547907e+01 5.282104e+01 1.979989e+00
2.600000e+01 5.980824e+01 5.411501e+01 5.794097e+00
2.400000e+01 4.474512e+01 4.206280e+01 2.115953e+01
2.300001e+01 8.356356e+00 3.373310e+01 2.645308e+01
2.300001e+01 3.965197e+01 5.450645e+01 3.877242e+01
2.100001e+01 4.117597e+01 3.873321e+01 3.212630e+01
2.100001e+01 4.529956e+01 3.083871e+01 4.204055e+01
2.000000e+01 3.100695e+00 2.754848e+01 5.352018e+01
2.000000e+01 4.542437e+01 4.339213e+01 1.702793e+01
1.899999e+01 1.996090e-02 3.441568e+01 2.024094e+01
1.899999e+01 3.825995e+01 2.952779e+01 4.104313e+01
1.899999e+01 4.606273e+01 3.316331e+01 5.500309e+01
1.800000e+01 3.025899e+01 4.660923e+01 3.433545e+01
1.800000e+01 4.173907e+01 5.567205e+01 4.007799e+01
1.800000e+01 4.988299e+01 2.287947e+01 4.860266e+01
1.699999e+01 1.254733e+01 4.356861e+01 1.937995e+01
1.699999e+01 3.136279e+01 4.893181e+01 4.193948e+01
1.699999e+01 4.838919e+01 2.299167e+01 4.750799e+01
1.699999e+01 4.936260e+01 4.230835e+01 1.612980e+01
1.600000e+01 1.608001e+01 4.534058e+01 1.918707e+01
1.600000e+01 4.831540e+01 2.221761e+01 4.722147e+01
1.500000e+01 3.488604e+01 4.952120e+01 3.627165e+01
1.400000e+01 5.213661e+01 2.531384e+01 5.408095e+01
1.300000e+01 4.472933e+01 4.590511e+01 6.330050e+01
1.200000e+01 2.712302e+01 4.415831e+01 5.594879e+01
1.200000e+01 4.561433e+01 3.011089e+01 4.165464e+01
1.200000e+01 4.560963e+01 4.259779e+01 1.771281e+01
1.200000e+01 5.344186e+01 3.912389e+01 3.691964e+01
1.200000e+01 5.606033e+01 4.978288e+01 1.246906e+01
1.100000e+01 1.376246e-01 2.640528e+01 1.398222e+01
1.100000e+01 1.427213e+00 3.573180e+01 2.050845e+01
1.100000e+01 1.442151e+01 3.838891e+01 6.010045e+01
1.100000e+01 1.454958e+01 5.209359e+01 6.304701e+00
1.100000e+01 3.173873e+01 4.985917e+01 4.218799e+01
1.100000e+01 5.059282e+01 2.291813e+01 4.951855e+01
1.100000e+01 5.798489e+01 4.184246e+01 7.155956e-01
1.000000e+01 2.090076e+01 4.948363e+01 1.666533e+00
1.000000e+01 2.669982e+01 1.619955e+01 4.493335e+01
1.000000e+01 4.431175e+01 3.818511e+01 3.711057e+01
1.000000e+01 4.905056e+01 4.258681e+01 1.677266e+01
1.000000e+01 6.126014e+01 2.307211e+01 6.055203e+01
1.000000e+01 6.045851e+01 5.486430e+01 5.967673e+00
