5.000001e+01 3.042761e+01 4.808877e+01 4.041595e+01
4.200000e+01 6.219498e+01 2.620868e+01 1.647742e+01
3.600000e+01 6.352582e+01 2.581838e+01 1.410787e+01
2.400000e+01 4.582948e+01 3.120278e+01 4.219775e+01
2.000000e+01 4.914341e+00 1.746789e+01 3.100119e+00
1.899999e+01 3.271347e+01 3.665980e+00 4.226645e+01
1.699999e+01 3.625270e+00 3.842032e+01 2.055707e+01
1.699999e+01 1.373344e+01 4.484067e+01 1.870692e+01
1.699999e+01 4.321795e+01 2.751351e+01 4.226498e+01
1.699999e+01 4.539360e+01 4.072191e+01 2.291990e+01
1.699999e+01 5.013523e+01 4.346275e+01 1.593166e+01
1.699999e+01 5.977504e+01 2.708036e+01 1.606219e+01
1.600000e+01 5.117540e+01 2.794579e+01 3.378154e+01
1.500000e+01 4.474991e+01 2.423905e+01 4.542390e+01
1.400000e+01 1.878041e+00 2.535540e+01 1.635615e+01
1.400000e+01 4.071060e+01 3.809427e+01 3.193313e+01
1.400000e+01 4.497528e+01 4.430206e+01 1.658937e+01
1.400000e+01 6.094881e+01 5.619670e+01 6.175869e+00
1.300000e+01 2.901178e+01 2.562732e+01 4.460642e+01
1.200000e+01 6.385177e+01 2.570604e+01 1.584486e+01
1.200000e+01 1.942293e+00 3.602862e+01 2.132914e+01
1.100000e+01 7.156742e+00 1.760639e+01 1.750816e+00
1.100000e+01 2.902774e+01 4.762960e+01 3.782933e+01
1.100000e+01 4.463197e+01 4.278218e+01 2.176097e+01
1.000000e+01 4.320761e+01 4.144915e+01 3.219922e+01
1.000000e+01 5.205773e+01 3.645906e+01 1.563025e+01
1.000000e+01 6.241668e+01 2.869901e+01 1.499523e+01
