4.660001e+02 6.336483e+01 2.771107e+01 1.610497e+01
1.850000e+02 4.514797e+00 2.022153e+01 2.081078e+00
1.850000e+02 3.128936e+01 4.808554e+01 3.948606e+01
1.770000e+02 4.644338e+01 4.189322e+01 1.805217e+01
8.200000e+01 2.487466e+00 3.704865e+01 2.067752e+01
7.500000e+01 4.496584e+01 2.788702e+01 4.285488e+01
6.600000e+01 9.230333e-01 2.614537e+01 1.141075e+01
6.400000e+01 7.469442e+00 3.369649e+01 2.553625e+01
6.200000e+01 4.215031e+01 4.038985e+01 3.209683e+01
6.000000e+01 5.837939e+01 2.973150e+01 1.478796e+01
5.900000e+01 7.595359e-01 3.540272e+01 2.013556e+01
5.700000e+01 5.309640e+01 3.631256e+01 1.620843e+01
5.600000e+01 3.259651e+01 2.840351e+00 4.229494e+01
5.300000e+01 5.580088e+01 5.227186e+01 2.657462e+00
5.100000e+01 5.954093e+01 5.344250e+01 5.608319e+00
4.700000e+01 2.981859e+01 2.635821e+01 4.446098e+01
4.300000e+01 4.841199e+01 2.319551e+01 4.709576e+01
3.500000e+01 3.435167e+01 4.877453e+01 3.661539e+01
3.200000e+01 4.510723e+01 3.050450e+01 4.189605e+01
3.200000e+01 4.965982e+01 2.338318e+01 4.863388e+01
3.100000e+01 4.516063e+01 4.164486e+01 2.051920e+01
2.999999e+01 1.105646e+01 3.653729e+01 2.635746e+01
2.999999e+01 2.581659e+01 4.683858e+01 2.166734e+01
2.999999e+01 3.940771e+01 5.391666e+01 3.915935e+01
2.799999e+01 1.427771e+01 3.823336e+01 6.016450e+01
2.799999e+01 5.049606e+01 2.871128e+01 3.413708e+01
2.700000e+01 3.868807e+01 2.992407e+01 4.110855e+01
2.400000e+01 1.904371e+00 2.492693e+01 6.637630e+00
2.400000e+01 5.460090e+01 4.899898e+01 4.989729e+00
2.300001e+01 3.058743e+01 4.639181e+01 3.444142e+01
2.300001e+01 4.594990e+01 2.568697e+01 4.395889e+01
2.300001e+01 4.516913e+01 4.225477e+01 2.219168e+01
2.200000e+01 2.912941e+00 2.731595e+01 5.411051e+01
2.200000e+01 4.623582e+01 3.330649e+01 5.471542e+01
2.200000e+01 4.859342e+01 4.158752e+01 1.639189e+01
2.100001e+01 2.440528e+00 2.893275e+01 1.948372e+01
2.100001e+01 2.715375e+01 4.452708e+01 5.003733e+01
2.100001e+01 4.117339e+01 5.492542e+01 4.019182e+01
1.800000e+01 1.272589e+00 2.572575e+01 1.029050e+01
1.699999e+01 2.429611e+00 2.439064e+01 5.135143e+00
1.699999e+01 2.544031e+01 4.137233e+01 2.819255e+01
1.699999e+01 4.151811e+01 3.918029e+01 3.207060e+01
1.699999e+01 4.263292e+01 4.250108e+01 2.380464e+01
1.600000e+01 1.358600e+01 4.405998e+01 1.950630e+01
1.600000e+01 3.110341e+01 4.922502e+01 4.112894e+01
1.600000e+01 5.265620e+01 3.905248e+01 3.634105e+01
1.600000e+01 5.586292e+01 4.923220e+01 1.163567e+01
1.500000e+01 3.213156e+00 1.468497e+01 2.851018e+00
1.500000e+01 4.432565e+01 3.955144e+01 4.502964e+01
1.500000e+01 5.220700e+01 2.545885e+01 5.376609e+01
1.500000e+01 5.891363e+01 3.861304e+01 1.874408e+01
1.400000e+01 1.452917e+01 5.170071e+01 6.336287e+00
1.400000e+01 6.178032e+01 2.582345e+01 1.157489e+01
1.400000e+01 6.053331e+01 3.747415e+01 1.950171e+01
1.300000e+01 2.713406e+01 4.457599e+01 5.565504e+01
1.300000e+01 4.505636e+01 4.568539e+01 6.368149e+01
1.300000e+01 4.736185e+01 5.349912e+01 6.158296e+01
1.300000e+01 4.972845e+01 4.369833e+01 8.264644e+00
1.300000e+01 5.601505e+01 3.313740e+01 1.683619e+01
1.300000e+01 6.007808e+01 2.851882e+01 1.556616e+01
1.200000e+01 3.058072e+01 4.237675e+01 3.896797e+01
1.200000e+01 3.090958e+01 4.724936e+01 3.498429e+01
1.200000e+01 4.745940e+01 2.413902e+01 4.590956e+01
1.100000e+01 4.325191e+00 2.888050e+01 3.665274e+01
1.100000e+01 8.427041e+00 5.098785e+01 6.451617e+00
1.100000e+01 2.118072e+01 4.898357e+01 1.851438e+00
1.100000e+01 2.995642e+01 5.706627e+01 6.263829e+01
1.100000e+01 3.152199e+01 4.865353e+01 6.105110e+01
1.100000e+01 3.297609e+01 4.916714e+01 3.855233e+01
1.100000e+01 4.395706e+01 3.119440e+01 4.079543e+01
1.100000e+01 5.618893e+01 5.001681e+01 1.080694e+01
1.100000e+01 5.631092e+01 5.092512e+01 8.666447e+00
1.100000e+01 6.119291e+01 2.871699e+01 1.608639e+01
1.000000e+01 4.538915e+00 1.904333e+01 3.183562e+00
1.000000e+01 1.302817e+01 4.313173e+01 1.899307e+01
1.000000e+01 2.457469e+01 7.797232e+00 4.095321e+01
1.000000e+01 2.937557e+01 4.216949e+01 2.913520e+01
1.000000e+01 4.471339e+01 4.412419e+01 1.604699e+01
1.000000e+01 5.593940e+01 2.601338e+01 2.157232e+01
